{
    "btn_blue": {
        "name": "btn_blue",
        "parent": "task_board",
        "transform": [
            [
                -0.0009093527610277707,
                -0.9999995536666918,
                0.00025640587620389175,
                0.22387265100724651
            ],
            [
                -0.9999995854050486,
                0.0009093649391462844,
                4.7382891712884875e-05,
                0.12070316423316413
            ],
            [
                -4.761603707833296e-05,
                -0.0002563626821359054,
                -0.9999999660054435,
                0.0026865750453467646
            ],
            [
                0.0,
                0.0,
                0.0,
                1.0
            ]
        ]
    },
    "btn_blue_app": {
        "name": "btn_blue_app",
        "parent": "btn_blue",
        "transform": [
            [
                1.0,
                0.0,
                0.0,
                0.0
            ],
            [
                0.0,
                1.0,
                0.0,
                0.0
            ],
            [
                0.0,
                0.0,
                1.0,
                -0.03
            ],
            [
                0.0,
                0.0,
                0.0,
                1.0
            ]
        ]
    },
    "btn_blue_app_short": {
        "name": "btn_blue_app_short",
        "parent": "btn_blue",
        "transform": [
            [
                1.0,
                0.0,
                0.0,
                0.0
            ],
            [
                0.0,
                1.0,
                0.0,
                0.0
            ],
            [
                0.0,
                0.0,
                1.0,
                -0.005
            ],
            [
                0.0,
                0.0,
                0.0,
                1.0
            ]
        ]
    },
    "btn_red": {
        "name": "btn_red",
        "parent": "task_board",
        "transform": [
            [
                -0.04770735040380614,
                -0.9563744295465717,
                0.2882220658223761,
                0.2290127215578751
            ],
            [
                -0.9404627827570731,
                -0.05420967911664243,
                -0.33554592076032347,
                0.10243355559747414
            ],
            [
                0.3365319642564003,
                -0.2870701328935846,
                -0.8968483572121815,
                0.006464371959119225
            ],
            [
                0.0,
                0.0,
                0.0,
                1.0
            ]
        ]
    },
    "btn_red_app": {
        "name": "btn_red_app",
        "parent": "task_board",
        "transform": [
            [
                -0.047670926687491066,
                -0.9563907473676512,
                0.28817394243460187,
                0.2290055892570676
            ],
            [
                -0.9404655248150684,
                -0.05422451276981444,
                -0.3355358383976204,
                0.10245130178394884
            ],
            [
                0.3365294628752045,
                -0.287012962363064,
                -0.8968675933784787,
                0.03565423362413732
            ],
            [
                0.0,
                0.0,
                0.0,
                1.0
            ]
        ]
    },
    "btn_red_helper": {
        "name": "btn_red_helper",
        "parent": "base",
        "transform": [
            [
                0.9422935246430273,
                0.039697010238347194,
                0.3324260230396487,
                -0.11409640954607239
            ],
            [
                -0.05631940244555399,
                -0.9599986927312301,
                0.27428203525295863,
                -0.5933637719573385
            ],
            [
                0.3300167243095358,
                -0.2771762207197184,
                -0.9023648399309105,
                0.18598632994610942
            ],
            [
                0.0,
                0.0,
                0.0,
                1.0
            ]
        ]
    },
    "btn_red_hook_2slider": {
        "name": "btn_red_hook_2slider",
        "parent": "task_board",
        "transform": [
            [
                -0.9995374127933379,
                -0.030412875248234543,
                0.00013208154709917647,
                0.22285553092170224
            ],
            [
                -0.03041293981639638,
                0.9995372853468663,
                -0.0005179702129888558,
                0.12220503696737137
            ],
            [
                -0.00011626746756199356,
                -0.0005217475947376791,
                -0.9999998571306512,
                0.05726333101986458
            ],
            [
                0.0,
                0.0,
                0.0,
                1.0
            ]
        ]
    },
    "btn_red_hook_app": {
        "name": "btn_red_hook_app",
        "parent": "task_board",
        "transform": [
            [
                -0.9926737614679781,
                0.12033879613552147,
                0.010834086840572495,
                0.23096338585581455
            ],
            [
                0.11960202079853414,
                0.9913918626103085,
                -0.05326848384335874,
                0.14704170520974716
            ],
            [
                -0.017151090750231263,
                -0.05158244754484386,
                -0.9985214525443911,
                0.061210218664834976
            ],
            [
                0.0,
                0.0,
                0.0,
                1.0
            ]
        ]
    },
    "btn_red_hook_app2": {
        "name": "btn_red_hook_app2",
        "parent": "task_board",
        "transform": [
            [
                -0.9845397715915594,
                -0.030335088125700307,
                0.00016854367934330744,
                0.22284604538566255
            ],
            [
                -0.03033514704593243,
                0.9995362411206843,
                -0.00035604817857637973,
                0.12218333877403076
            ],
            [
                -0.00015758257361574507,
                -0.0003610332530484907,
                -0.9850034009179671,
                0.03733727348611665
            ],
            [
                0.0,
                0.0,
                0.0,
                1.0
            ]
        ]
    },
    "cable_1": {
        "name": "cable_1",
        "parent": "task_board",
        "transform": [
            [
                -0.8678921049756889,
                -0.496169247422067,
                0.02407014818168275,
                0.2093291119553714
            ],
            [
                -0.496751437770009,
                0.8669817146367989,
                -0.03975821372829894,
                0.1151239366560851
            ],
            [
                -0.0011415753577013656,
                -0.046462720519314764,
                -0.9989193723257386,
                0.03472980237357011
            ],
            [
                0.0,
                0.0,
                0.0,
                1.0
            ]
        ]
    },
    "cable_13": {
        "name": "cable_13",
        "parent": "task_board",
        "transform": [
            [
                -0.8106975867498996,
                -0.37943997567044374,
                -0.44586402377978596,
                0.21999404741336748
            ],
            [
                -0.5845499363284471,
                0.48202673026534826,
                0.6526496788079387,
                0.0998396333510824
            ],
            [
                -0.0327230007226855,
                0.7897313063143122,
                -0.6125795205936879,
                0.033269442834561944
            ],
            [
                0.0,
                0.0,
                0.0,
                1.0
            ]
        ]
    },
    "cable_1_app": {
        "name": "cable_1_app",
        "parent": "cable_1",
        "transform": [
            [
                1.0,
                0.0,
                0.0,
                0.0
            ],
            [
                0.0,
                1.0,
                0.0,
                0.0
            ],
            [
                0.0,
                0.0,
                1.0,
                -0.04
            ],
            [
                0.0,
                0.0,
                0.0,
                1.0
            ]
        ]
    },
    "cable_2": {
        "name": "cable_2",
        "parent": "task_board",
        "transform": [
            [
                -0.8676963792900121,
                -0.496494169822286,
                0.024424018905234303,
                0.20177075980157977
            ],
            [
                -0.4970922963349028,
                0.8667924669685839,
                -0.03962408523877301,
                0.1283597720586778
            ],
            [
                -0.0014974282945632734,
                -0.04652266693769214,
                -0.998916112178349,
                0.03400539849246573
            ],
            [
                0.0,
                0.0,
                0.0,
                1.0
            ]
        ]
    },
    "cable_3": {
        "name": "cable_3",
        "parent": "task_board",
        "transform": [
            [
                -0.8085781338821123,
                -0.41324512323869855,
                -0.41884349049155967,
                0.21329413768135008
            ],
            [
                -0.5874134621856918,
                0.5259795176041758,
                0.6150536330304026,
                0.10924667853646838
            ],
            [
                -0.033864817299658345,
                0.7433532236967235,
                -0.668041285377595,
                0.03683048040402018
            ],
            [
                0.0,
                0.0,
                0.0,
                1.0
            ]
        ]
    },
    "cable_4": {
        "name": "cable_4",
        "parent": "task_board",
        "transform": [
            [
                -0.9019721329724795,
                -0.10498883405147394,
                -0.4188360252719269,
                0.21328892275702727
            ],
            [
                -0.36685940107140114,
                0.6979037520062048,
                0.6150971734459477,
                0.10925969189068327
            ],
            [
                0.22772889844419603,
                0.7084544428967706,
                -0.668005876585841,
                0.03685283541739562
            ],
            [
                0.0,
                0.0,
                0.0,
                1.0
            ]
        ]
    },
    "cable_5": {
        "name": "cable_5",
        "parent": "task_board",
        "transform": [
            [
                -0.9014264624692838,
                -0.10954929547922512,
                -0.4188427922504091,
                0.2186009033795817
            ],
            [
                -0.37037105902693834,
                0.696096309166097,
                0.6150408173451595,
                0.12931983872663547
            ],
            [
                0.22417763357520315,
                0.7095413167852477,
                -0.6680535220918153,
                0.05646272983794151
            ],
            [
                0.0,
                0.0,
                0.0,
                1.0
            ]
        ]
    },
    "cable_b4": {
        "name": "cable_b4",
        "parent": "task_board",
        "transform": [
            [
                -0.7460305621112047,
                -0.5976061776483289,
                -0.29377756352824747,
                0.1983556950016283
            ],
            [
                -0.5974489978104008,
                0.40583548634863265,
                0.6916301417922127,
                0.11342513389284431
            ],
            [
                -0.2940970850100134,
                0.6914943343634298,
                -0.6598048879266429,
                0.043749706140940606
            ],
            [
                0.0,
                0.0,
                0.0,
                1.0
            ]
        ]
    },
    "door": {
        "name": "door",
        "parent": "task_board",
        "transform": [
            [
                -0.9235584194224529,
                -0.3676567002741718,
                -0.10894217116162627,
                0.02051864829027672
            ],
            [
                -0.3806487063524224,
                0.8446892550159653,
                0.37630655696227383,
                0.1710785689241255
            ],
            [
                -0.04632934562594837,
                0.3890097854862799,
                -0.9200679206068378,
                0.010909352698442565
            ],
            [
                0.0,
                0.0,
                0.0,
                1.0
            ]
        ]
    },
    "door_1": {
        "name": "door_1",
        "parent": "task_board",
        "transform": [
            [
                0.005706721603725873,
                0.9844253452911254,
                0.17571048027077465,
                -0.04147753301742241
            ],
            [
                0.9999565233053056,
                -0.006913618023007384,
                0.0062572665755769585,
                0.11963632594576268
            ],
            [
                0.0073746069524722735,
                0.1756671324815222,
                -0.9844219998242707,
                0.0317621163551141
            ],
            [
                0.0,
                0.0,
                0.0,
                1.0
            ]
        ]
    },
    "door_1_app": {
        "name": "door_1_app",
        "parent": "door_1",
        "transform": [
            [
                1.0,
                0.0,
                0.0,
                0.0
            ],
            [
                0.0,
                1.0,
                0.0,
                0.0
            ],
            [
                0.0,
                0.0,
                1.0,
                -0.03
            ],
            [
                0.0,
                0.0,
                0.0,
                1.0
            ]
        ]
    },
    "door_2": {
        "name": "door_2",
        "parent": "task_board",
        "transform": [
            [
                0.005759298333003149,
                0.9844212459468498,
                0.17573173023436656,
                -0.019044951334557414
            ],
            [
                0.9999563128080229,
                -0.0069633426357123,
                0.006235730488224511,
                0.11963894315449379
            ],
            [
                0.007362265826195133,
                0.1756881395763254,
                -0.9844183433145257,
                0.024509009383790234
            ],
            [
                0.0,
                0.0,
                0.0,
                1.0
            ]
        ]
    },
    "door_3": {
        "name": "door_3",
        "parent": "task_board",
        "transform": [
            [
                0.1533890625948331,
                0.9158663373708665,
                0.3710264782291857,
                -0.025417368635371806
            ],
            [
                0.9874749258497982,
                -0.15610543086667428,
                -0.022899023382349032,
                0.12009670637548778
            ],
            [
                0.03694680357234997,
                0.3698918038086326,
                -0.9283399092902243,
                0.025236722500031034
            ],
            [
                0.0,
                0.0,
                0.0,
                1.0
            ]
        ]
    },
    "door_4": {
        "name": "door_4",
        "parent": "task_board",
        "transform": [
            [
                0.5269484811585521,
                0.6987259344527115,
                0.4838464288675489,
                -0.014240402319326217
            ],
            [
                0.8196796972599902,
                -0.5682725309376833,
                -0.07205223439596128,
                0.1100691556198211
            ],
            [
                0.22461186990999793,
                0.43456690981351165,
                -0.8721818094816409,
                0.051976830880979305
            ],
            [
                0.0,
                0.0,
                0.0,
                1.0
            ]
        ]
    },
    "door_5": {
        "name": "door_5",
        "parent": "task_board",
        "transform": [
            [
                0.7617253842059544,
                0.3137298558777049,
                0.5668756623698407,
                0.015633726194899
            ],
            [
                0.44699331273161896,
                -0.8878378917200278,
                -0.10927422568633938,
                0.05430980660901095
            ],
            [
                0.46901110587011063,
                0.3366265817743609,
                -0.8165238067646314,
                0.06893101738375133
            ],
            [
                0.0,
                0.0,
                0.0,
                1.0
            ]
        ]
    },
    "home": {
        "name": "home",
        "parent": "base",
        "transform": [
            [
                -0.010339932515019967,
                -0.999946468445563,
                0.00038215027328433596,
                0.1096296374889277
            ],
            [
                -0.9999465277888389,
                0.010339994834576816,
                0.0001614616539273101,
                -0.30254507315524776
            ],
            [
                -0.00016540444248578552,
                -0.0003804603362588557,
                -0.9999999139456477,
                0.13432480090207116
            ],
            [
                0.0,
                0.0,
                0.0,
                1.0
            ]
        ]
    },
    "hook_grab_1": {
        "name": "hook_grab_1",
        "parent": "base",
        "transform": [
            [
                0.9997084486639405,
                -0.02414574761473351,
                2.3282247456249707e-05,
                -0.3167152959309406
            ],
            [
                -0.02414574857377573,
                -0.9997084480367389,
                4.183044867340641e-05,
                -0.5969746270297362
            ],
            [
                2.226543201501558e-05,
                -4.2380420243518747e-05,
                -0.9999999988540751,
                0.03536652968931264
            ],
            [
                0.0,
                0.0,
                0.0,
                1.0
            ]
        ]
    },
    "hook_grab_1_app": {
        "name": "hook_grab_1_app",
        "parent": "hook_grab_1",
        "transform": [
            [
                1.0,
                0.0,
                0.0,
                0.0
            ],
            [
                0.0,
                1.0,
                0.0,
                0.0
            ],
            [
                0.0,
                0.0,
                1.0,
                -0.15
            ],
            [
                0.0,
                0.0,
                0.0,
                1.0
            ]
        ]
    },
    "hook_grab_1_app_helper": {
        "name": "hook_grab_1_app_helper",
        "parent": "task_board",
        "transform": [
            [
                0.9998343719877822,
                -0.013105038241965973,
                -0.012628799011530446,
                0.12670332024925435
            ],
            [
                -0.018157049106347287,
                -0.7657338627769092,
                -0.6429012155568721,
                0.07420787101139445
            ],
            [
                -0.0012450540336532024,
                0.6430240348302936,
                -0.7658449846222297,
                0.10494540371031515
            ],
            [
                0.0,
                0.0,
                0.0,
                1.0
            ]
        ]
    },
    "hook_grab_2": {
        "name": "hook_grab_2",
        "parent": "base",
        "transform": [
            [
                0.9997088804565248,
                -0.024127850931023827,
                3.38498456367276e-05,
                -0.3167305193827842
            ],
            [
                -0.02341469171833955,
                -0.9704966442592189,
                -0.23997503139562074,
                -0.5944694808787011
            ],
            [
                0.005822932946280437,
                0.23990437739033513,
                -0.9707790599105741,
                0.04358972582173884
            ],
            [
                0.0,
                0.0,
                0.0,
                1.0
            ]
        ]
    },
    "hook_grab_3": {
        "name": "hook_grab_3",
        "parent": "base",
        "transform": [
            [
                0.9997103707864764,
                -0.0240658974207277,
                -8.439964932773587e-05,
                -0.33436582064572845
            ],
            [
                -0.02338279771090397,
                -0.9704923706647892,
                -0.23999542339935404,
                -0.5944586490924657
            ],
            [
                0.005693796025213634,
                0.23992788721355274,
                -0.9707740157338631,
                0.04357810433733472
            ],
            [
                0.0,
                0.0,
                0.0,
                1.0
            ]
        ]
    },
    "hook_grab_3_app": {
        "name": "hook_grab_3_app",
        "parent": "hook_grab_3",
        "transform": [
            [
                1.0,
                0.0,
                0.0,
                0.0
            ],
            [
                0.0,
                1.0,
                0.0,
                0.0
            ],
            [
                0.0,
                0.0,
                1.0,
                -0.05
            ],
            [
                0.0,
                0.0,
                0.0,
                1.0
            ]
        ]
    },
    "hooknew_grab": {
        "name": "hooknew_grab",
        "parent": "base",
        "transform": [
            [
                0.9999394785799469,
                -0.01096024507382316,
                0.0009550943333158535,
                -0.3121727869171429
            ],
            [
                -0.010959901340741842,
                -0.9999398720841677,
                -0.00036438827988509703,
                -0.5959312700779539
            ],
            [
                0.0009590306903337763,
                0.0003538984869247041,
                -0.9999994775078209,
                0.03673171383685897
            ],
            [
                0.0,
                0.0,
                0.0,
                1.0
            ]
        ]
    },
    "hooknew_grab_app": {
        "name": "hooknew_grab_app",
        "parent": "hooknew_grab",
        "transform": [
            [
                1.0,
                0.0,
                0.0,
                0.0
            ],
            [
                0.0,
                1.0,
                0.0,
                0.0
            ],
            [
                0.0,
                0.0,
                1.0,
                -0.15
            ],
            [
                0.0,
                0.0,
                0.0,
                1.0
            ]
        ]
    },
    "hooknew_grab_short": {
        "name": "hooknew_grab_short",
        "parent": "base",
        "transform": [
            [
                0.9999398880160664,
                -0.010924577848477005,
                0.0009348546674212088,
                -0.31214566652058146
            ],
            [
                -0.0109241949879108,
                -0.9999402436345546,
                -0.00041367128713399925,
                -0.5959550215841323
            ],
            [
                0.000939317988084039,
                0.00040343388585996543,
                -0.9999994774612719,
                0.07342954232441945
            ],
            [
                0.0,
                0.0,
                0.0,
                1.0
            ]
        ]
    },
    "ids_cam": {
        "name": "ids_cam",
        "parent": "base",
        "transform": [
            [
                -0.9998467324500095,
                -0.011616791366747732,
                0.013098158930954734,
                -0.008100179280215308
            ],
            [
                -0.011781197779247665,
                0.9998518976047492,
                -0.01254536707586891,
                -0.5678538447868748
            ],
            [
                -0.012950482150304048,
                -0.012697756279103058,
                -0.9998355124707021,
                0.9239720300019414
            ],
            [
                0.0,
                0.0,
                0.0,
                1.0
            ]
        ]
    },
    "jack_black": {
        "name": "jack_black",
        "parent": "task_board",
        "transform": [
            [
                0.9989558008023315,
                -0.04568510189312792,
                -0.00042368430134753955,
                0.1652627853912842
            ],
            [
                -0.045685226595481944,
                -0.9989558430071401,
                -0.00028947028205426027,
                0.1202481146714629
            ],
            [
                -0.00041001742909079305,
                0.0003085241307300001,
                -0.9999998683493909,
                0.0025383422171909725
            ],
            [
                0.0,
                0.0,
                0.0,
                1.0
            ]
        ]
    },
    "jack_black_app": {
        "name": "jack_black_app",
        "parent": "jack_black",
        "transform": [
            [
                1.0,
                0.0,
                0.0,
                0.0
            ],
            [
                0.0,
                1.0,
                0.0,
                0.0
            ],
            [
                0.0,
                0.0,
                1.0,
                -0.023
            ],
            [
                0.0,
                0.0,
                0.0,
                1.0
            ]
        ]
    },
    "jack_red": {
        "name": "jack_red",
        "parent": "task_board",
        "transform": [
            [
                0.5171753536387627,
                -0.8558783973476287,
                -0.0013500156573631585,
                0.1656224635710768
            ],
            [
                -0.8558793118679271,
                -0.5171755539872793,
                -0.00022332584794878055,
                0.0955369482180301
            ],
            [
                -0.00050705532665959,
                0.0012709490962244945,
                -0.9999990637912071,
                0.0029726120048500643
            ],
            [
                0.0,
                0.0,
                0.0,
                1.0
            ]
        ]
    },
    "jack_red_app": {
        "name": "jack_red_app",
        "parent": "jack_red",
        "transform": [
            [
                1.0,
                0.0,
                0.0,
                0.0
            ],
            [
                0.0,
                1.0,
                0.0,
                0.0
            ],
            [
                0.0,
                0.0,
                1.0,
                -0.023
            ],
            [
                0.0,
                0.0,
                0.0,
                1.0
            ]
        ]
    },
    "jack_red_new": {
        "name": "jack_red_new",
        "parent": "task_board",
        "transform": [
            [
                0.5170855068342167,
                -0.8559337356187986,
                -0.00013730130875911272,
                0.16612990846138131
            ],
            [
                -0.8559159898997228,
                -0.5170758062675171,
                0.006358365102279936,
                0.09375102838298222
            ],
            [
                -0.005513334379350875,
                -0.0031703000559483324,
                -0.9999797759662821,
                0.002966902997425608
            ],
            [
                0.0,
                0.0,
                0.0,
                1.0
            ]
        ]
    },
    "jack_red_new_app": {
        "name": "jack_red_new_app",
        "parent": "jack_red_new",
        "transform": [
            [
                1.0,
                0.0,
                0.0,
                0.0
            ],
            [
                0.0,
                1.0,
                0.0,
                0.0
            ],
            [
                0.0,
                0.0,
                1.0,
                -0.023
            ],
            [
                0.0,
                0.0,
                0.0,
                1.0
            ]
        ]
    },
    "meas": {
        "name": "meas",
        "parent": "task_board",
        "transform": [
            [
                -0.9645186783715547,
                0.16267097724172938,
                -0.20794680145558309,
                0.07886603589939431
            ],
            [
                0.26398848954687476,
                0.605304441294851,
                -0.7509438133012931,
                0.06182566041627813
            ],
            [
                0.003714358510770732,
                -0.779194896359023,
                -0.6267707053052995,
                0.048082634306192557
            ],
            [
                0.0,
                0.0,
                0.0,
                1.0
            ]
        ]
    },
    "meas_in": {
        "name": "meas_in",
        "parent": "task_board",
        "transform": [
            [
                -0.9646088090088658,
                0.1625056283389636,
                -0.20765781069022415,
                0.07890634799943019
            ],
            [
                0.2636605031455456,
                0.6051820242998299,
                -0.7511576775520555,
                0.061812097991114194
            ],
            [
                0.003603423862947347,
                -0.7793244755700405,
                -0.6266102274252678,
                0.0556464281796744
            ],
            [
                0.0,
                0.0,
                0.0,
                1.0
            ]
        ]
    },
    "meas_in_app": {
        "name": "meas_in_app",
        "parent": "task_board",
        "transform": [
            [
                -0.9645854604959034,
                0.16274038328034357,
                -0.20758241026077628,
                0.07895085011700709
            ],
            [
                0.26374550096425464,
                0.6059106621071595,
                -0.7505401923055007,
                0.0619583039293297
            ],
            [
                0.0036331970798070684,
                -0.778709083801281,
                -0.6273746589434015,
                0.06736684193563845
            ],
            [
                0.0,
                0.0,
                0.0,
                1.0
            ]
        ]
    },
    "probe_plug": {
        "name": "probe_plug",
        "parent": "task_board",
        "transform": [
            [
                0.9998407691263991,
                -0.013355019909287042,
                -0.01183553277014961,
                0.025708707820392585
            ],
            [
                -0.01783824087636304,
                -0.7659675732705522,
                -0.6426316782266948,
                0.1257572603144109
            ],
            [
                -0.0004832754572595419,
                0.642740476507621,
                -0.7660838376467607,
                0.00684933400971055
            ],
            [
                0.0,
                0.0,
                0.0,
                1.0
            ]
        ]
    },
    "probe_plug_app": {
        "name": "probe_plug_app",
        "parent": "task_board",
        "transform": [
            [
                0.9998332557334544,
                -0.012836101695556927,
                -0.012988272506466296,
                0.025514152570195514
            ],
            [
                -0.018182830009996827,
                -0.7655079773858204,
                -0.6431694343262105,
                0.12551427454765068
            ],
            [
                -0.0016868379496758137,
                0.6432983530617279,
                -0.7656137299747177,
                0.03694251245043988
            ],
            [
                0.0,
                0.0,
                0.0,
                1.0
            ]
        ]
    },
    "probe_plug_app_helper": {
        "name": "probe_plug_app_helper",
        "parent": "task_board",
        "transform": [
            [
                0.9998329480975585,
                -0.012709007553852847,
                -0.01313609628241625,
                0.025157801514830935
            ],
            [
                -0.018180603868271906,
                -0.7655135638310444,
                -0.6431628481447594,
                0.14540018343787942
            ],
            [
                -0.0018818983845509327,
                0.6432942287302833,
                -0.765616740765757,
                0.036885473198562876
            ],
            [
                0.0,
                0.0,
                0.0,
                1.0
            ]
        ]
    },
    "probe_pull": {
        "name": "probe_pull",
        "parent": "task_board",
        "transform": [
            [
                0.999835686374147,
                -0.013023764435607448,
                -0.012608799017523039,
                0.024698139659203533
            ],
            [
                -0.018081850193691247,
                -0.7657826243170351,
                -0.6428452527534811,
                0.10580922621887351
            ],
            [
                -0.001283334060714983,
                0.6429676149340959,
                -0.765892289554901,
                0.006940194862251364
            ],
            [
                0.0,
                0.0,
                0.0,
                1.0
            ]
        ]
    },
    "probe_pull_app": {
        "name": "probe_pull_app",
        "parent": "probe_pull",
        "transform": [
            [
                1.0,
                0.0,
                0.0,
                0.0
            ],
            [
                0.0,
                1.0,
                0.0,
                0.0
            ],
            [
                0.0,
                0.0,
                1.0,
                -0.03
            ],
            [
                0.0,
                0.0,
                0.0,
                1.0
            ]
        ]
    },
    "slider": {
        "name": "slider",
        "parent": "task_board",
        "transform": [
            [
                -0.01139820331252972,
                -0.999934784070371,
                -0.0007131391067283442,
                0.18984502335848613
            ],
            [
                -0.9999350283590127,
                0.011398301221082319,
                -0.00013337890697855386,
                0.04227218409711292
            ],
            [
                0.00014149878290016526,
                0.0007115724930109835,
                -0.9999997368213049,
                0.0038268801060982738
            ],
            [
                0.0,
                0.0,
                0.0,
                1.0
            ]
        ]
    },
    "slider_app": {
        "name": "slider_app",
        "parent": "slider",
        "transform": [
            [
                1.0,
                0.0,
                0.0,
                0.0
            ],
            [
                0.0,
                1.0,
                0.0,
                0.0
            ],
            [
                0.0,
                0.0,
                1.0,
                -0.03
            ],
            [
                0.0,
                0.0,
                0.0,
                1.0
            ]
        ]
    },
    "slider_hook": {
        "name": "slider_hook",
        "parent": "task_board",
        "transform": [
            [
                -0.011584190625034907,
                -0.9999327252162896,
                -0.000592932616198056,
                0.18990634223777964
            ],
            [
                -0.9999328675221345,
                0.01158434167096023,
                -0.00025194644671839997,
                0.04231000887458769
            ],
            [
                0.00025879823108958505,
                0.0005899742154962372,
                -0.9999997924769288,
                0.061607481481031845
            ],
            [
                0.0,
                0.0,
                0.0,
                1.0
            ]
        ]
    },
    "task_board": {
        "name": "task_board",
        "parent": "base",
        "transform": [
            [
                -0.27960522604328863,
                0.9601150543394698,
                0.0,
                -0.05086435539606066
            ],
            [
                -0.9601150543394698,
                -0.27960522604328863,
                -0.0,
                -0.4324128732975593
            ],
            [
                -0.0,
                0.0,
                1.0,
                0.092
            ],
            [
                0.0,
                0.0,
                0.0,
                1.0
            ]
        ]
    },
    "wind_1": {
        "name": "wind_1",
        "parent": "task_board",
        "transform": [
            [
                -0.9992021000804581,
                -0.028312878298535682,
                0.02816991510909981,
                0.23285646633324764
            ],
            [
                -0.003844628028787536,
                0.7702239982727326,
                0.6377618766593733,
                0.14617021170378477
            ],
            [
                -0.03975401904363688,
                0.6371447036641031,
                -0.7697182890919636,
                0.05081139496641733
            ],
            [
                0.0,
                0.0,
                0.0,
                1.0
            ]
        ]
    },
    "wind_10": {
        "name": "wind_10",
        "parent": "task_board",
        "transform": [
            [
                -0.6473656974363928,
                -0.7331400351755305,
                -0.20838268307494998,
                0.23608368543914565
            ],
            [
                -0.75847178284665,
                0.5927363903880489,
                0.2708950463466816,
                0.17312132977962186
            ],
            [
                -0.07508800442226041,
                0.33342054575650915,
                -0.9397832363153298,
                0.03683966754102157
            ],
            [
                0.0,
                0.0,
                0.0,
                1.0
            ]
        ]
    },
    "wind_10_helper": {
        "name": "wind_10_helper",
        "parent": "task_board",
        "transform": [
            [
                -0.5578920990227136,
                -0.8291448779231609,
                0.035709624218364,
                0.2324829418737359
